196 100
0.137068015942094 -0.9549626950191783 -0.26317030631780175
0.4204193721378722 -0.9059652925288973 0.049743745981043065
0.43536341471253687 -0.8851693685935673 0.16411546555247333
-0.4998838566376334 0.42825055259392997 0.7528064785029946
-0.42310550266400365 0.8677543683942133 0.260737587908228
-0.5202428381930467 0.7896675245382803 0.3252269822730393
-0.17582728919579874 -0.8102739705163761 -0.5590535368617964
-0.4337355772512861 -0.7975661846850662 -0.4192393470004938
-0.3359338611802343 -0.5818686829370884 -0.740660027765504
-0.046882617556143605 -0.8535285137003258 -0.5189326511904963
0.13155359739684508 -0.9455035157957775 -0.29785357582169947
-0.6777120376810991 -0.3382909598981869 -0.6528902054965259
-0.6890157637648142 -0.48154939735845037 -0.5416340602171386
-0.7355663854993802 -0.5014728925922617 -0.4554854888122422
0.3279880461371707 0.611644253886485 -0.719941072782187
0.45379687551451137 0.6690473013483826 -0.5885950257449628
-0.14872707505537056 -0.12965110607418665 -0.9803422095570579
-0.33223185400667915 -0.17105457993686282 -0.9275571819925216
-0.3330181710591083 -0.17057891772514136 -0.9273627826110804
-0.2474064062929724 -0.5358626789739962 0.807242998983583
-0.16156828604509624 -0.5166392829726133 0.8408207539267771
0.7566223597741853 -0.30616242590355486 0.577743172745982
-0.2472962370295701 -0.15828183330506682 0.9559243863384811
-0.961341923708324 0.13203362981499314 0.2416377998547753
-0.946198096826521 0.24150869898913632 0.21536645484950592
-0.9238126617051851 0.3435640004733064 -0.16891993266621608
-0.46574908912856894 0.4295377195399079 0.7736763751520166
0.8476293097091451 0.5296394976621236 -0.03172626417042563
0.7591180380499699 -0.19456372488628565 0.6211962341044399
0.8387358931016112 -0.04604865321247233 0.5425878944100765
-0.14117877247086663 -0.1340264433243731 -0.9808697501164148
0.23555796869678755 -0.43696549910445215 -0.8680861685200612
-0.03311250873560792 -0.896309673131035 0.4421906055277198
-0.15725622623736335 -0.9345332938464977 0.31924598979783386
-0.6567905748564283 -0.7534441003329818 -0.03079169454879419
-0.8644235100866686 -0.47006646512548783 -0.17835221774307009
-0.9070921443707616 -0.4016627823528254 -0.1259001624043454
-0.9471400984955609 -0.31616912734575775 0.05443084360214703
-0.934603362302058 -0.3542682629516658 -0.03178919688978567
0.6615009864720807 -0.7471184090007577 -0.0650425078594058
0.8240524312476957 -0.4579838249940183 0.3334492564073434
0.8268418738843462 -0.4466456748597834 0.34181889462180376
0.9008658371498393 -0.43367900174437923 0.019059561965535193
0.9159349199681567 -0.40091779412746353 -0.018114765659406576
0.9451593157740967 -0.05081244286995351 0.3226328617097595
-0.761412479763675 -0.22810011847979164 -0.6068124682384469
-0.8283690115719229 -0.4535718470224768 -0.3287512133148326
-0.8262601380747617 -0.4544060853139964 -0.33288029959474114
0.4462013711752191 0.8135448105438767 -0.37289298411002825
0.355204730191525 0.468869480602233 -0.8086971063441234
0.6749672338610375 0.4819263822912515 -0.5587183505717759
0.7848043569652223 0.6196916911435952 0.008020549606769737
0.8335961447507818 0.5515458349298727 -0.03024333692143315
-0.3827535816853809 -0.11938323396466669 -0.9161044368166493
-0.6024013423710287 -0.7939903032880357 0.08180477366361893
-0.6385292225272509 -0.6053689465394464 0.4751935085251746
-0.6575016049555802 -0.6030254425506452 0.4517211032456139
-0.25148525066422833 -0.9617141279911594 0.10890869901231082
-0.21201798652816814 -0.9428102773233313 0.25721033097845103
-0.24179286727497726 -0.16178238023423766 0.9567458757583908
-0.17449996398734993 -0.3286278803302126 0.928199051302082
0.0026309661044364957 -0.6161141918514419 0.7876524491275336
-0.03715867620575447 -0.7849570892448411 0.6184347991719923
-0.9288477522483872 -0.0013680898558218425 0.3704591495337443
-0.7537301331384784 -0.49525169422929166 0.43199148806668364
-0.8356567270992291 -0.43013117634023446 0.3415625939618837
-0.29654894585470293 0.5757462331319626 0.7619547215857514
-0.3745760112135721 0.8761333658678258 0.30345203416099337
-0.04509115789567861 0.9049811445233211 0.42305545208268747
-0.3752996713397734 0.22118336306633204 0.9001267003010883
-0.42211641872759453 0.3548822991400656 0.8341919939664076
-0.2672715590517942 0.1526403052923124 0.9514551229155754
-0.07948966896276383 0.2537487666623849 0.9639984211322697
-0.06792884723531217 0.39313612015395427 0.9169676454180797
0.31934474587981015 0.9058897418064348 0.2781774774650717
0.3466445903996956 0.9079132548946373 0.23565026953783155
0.6643987069935164 0.746926126544358 0.02599460772516706
0.6594266650531185 -0.14349952822911935 0.7379460405849076
0.7586732710089594 0.15916821950030616 0.63172806313925
0.6477867078938897 -0.039520808988847245 0.7607959560439734
-0.08554163515664147 -0.7840572205682005 0.6147657306076812
-0.22730184675911405 -0.831891569315124 0.5062512097391143
-0.3269722668787466 -0.8326545191993266 0.44696262522621716
-0.42041905718243044 -0.701048246857132 0.5760027534104138
-0.4365654468305137 -0.7016364378004392 0.563131352158965
0.7385553917295095 -0.5739584018300028 -0.3537056492565817
0.8612043998190427 -0.4777570340362696 -0.17342202328767012
0.8594275483937076 0.5104827768281146 -0.02813580679203117
0.9988123904629315 -0.024036500619146847 0.04237989258729019
0.9615539549374873 0.018195753849373462 0.27401260242173114
0.963531474652026 -0.0019093101832005279 0.26758821328585547
-0.027940435381712786 0.10077456845411549 -0.9945168768922763
0.08126880967962936 0.18009270933800872 -0.9802866910330629
0.11611162560239717 0.3386082652441956 -0.933735794059693
-0.4475834653997521 0.8753698862609968 -0.1827473768023999
-0.06420258679158963 0.9621428408760985 -0.2648757852279798
0.028179359531089892 0.9357170762493676 -0.35162405621878695
0.05887204726077933 0.6856701243916781 -0.7255277820786914
-0.08656236795102908 0.6109260475268601 -0.7869411165442555
-0.27820302130710167 0.5616102041886288 -0.779228501459493
-0.27472820247084073 0.5616605458002127 -0.7804241449740956
-0.3844621357029339 -0.1183264128612621 -0.9155259287590521
-0.023265353686238426 -0.8216387342826278 0.5695335930779636
-0.035293196173821886 -0.7875105451948198 0.6152897947396773
0.4710773312182341 -0.6900827778389906 0.5494287103367719
0.5176635046171946 -0.7676177090311778 0.3778723974692648
0.5226716576599579 -0.7594664639918477 0.38733064473484585
0.10759957356365683 -0.5822089739956422 0.8058877355859568
0.4571419966962734 -0.2887311440848482 0.8412226347953311
0.4836509665419824 -0.4761804740688718 0.734393558440262
0.433753563357753 -0.5923150412276269 0.6789850795194003
0.17368598832349227 -0.3116107654301338 0.9342012140476686
-0.43155653274650857 -0.1783518556225681 0.8842791271085156
-0.5569682481311964 -0.4212665898799745 0.7157659050447733
-0.5066979460717227 -0.3953956196669397 0.7661067127984811
-0.5941489437549763 0.004415640602843169 0.8043429211181712
-0.6017974036913976 0.012563136961178513 0.7985499686932485
-0.5759937480313051 -0.06031237753600096 0.8152261154703057
-0.7396784740423343 0.03948723477498082 0.6718009476982222
-0.6929705126094651 -0.19958532541217028 0.6927896986343642
-0.7959356770459065 -0.20036592988706214 0.5712616669670454
-0.8291102122366051 -0.12413200699673584 0.5451307190059407
-0.7859036657749492 0.19763334308176073 0.5859150875543521
-0.7870643755586535 0.4928969765672413 0.3709207991166566
-0.9387334753853057 0.2542586897939176 0.2326628050533775
-0.5628582817086958 0.39670108980859453 0.7251336428939203
-0.6271074096170127 0.30070132264986676 0.7185506324261784
-0.18648267223590126 0.585930279703732 0.7886126554158661
-0.03416205914242776 0.4867798649017422 0.872856412499439
-0.02586581612863035 0.802947856344455 0.5954877828703495
0.3343808770184885 0.8816711852090383 0.3329344533935112
0.3361844078434195 0.45991932467460633 0.8218602428112844
0.22573579479307626 0.5656180088964631 0.7931706115087338
0.2332063535329595 0.5351711846873085 0.811915389527901
0.7394294961595631 0.2513635259637817 0.6245481550883566
0.894311904269023 0.2693013591109424 0.35732757501165985
0.7623388353431974 0.6461145837693086 0.037086989203635616
0.7603207358578541 0.648437580820011 0.0379615911792844
0.039582225377867486 0.17261613160648795 0.9841935371375629
0.3336653947372087 0.3716934743330208 0.866320590482017
0.257892466297286 -0.43067467778747615 -0.8648761748017787
0.9648457521733304 0.09083228250550934 -0.24662151359506276
0.9918781620639503 -0.10541561342187296 -0.07117064048840673
0.9762717951061167 -0.1895456152329733 -0.10471791549794184
0.9080013614497847 0.14146280051479151 -0.3943625282349346
-0.44921240936519685 0.6008265781539833 -0.6612228325278025
-0.49493111583596555 0.32895897707332367 -0.8042569129203916
-0.6409472352718469 0.6512247270060597 -0.4063163749263116
-0.8539067985301872 0.3846200173655574 -0.3505861116268649
-0.8630560498855735 0.32226946254376265 -0.38894298845417546
-0.8201558877575595 0.12751721624306023 -0.5577487600508226
-0.8027415875908401 0.10320690985432565 -0.587328083195805
-0.6463394225633238 0.01837250031108361 -0.7628288157069242
0.23489062433070387 -0.22553634340934817 0.945494448636835
0.4226458255284825 -0.25771213015915945 0.8688814442328574
0.4004094829286779 0.147996595552701 0.9043059513713259
0.483662657682928 0.08432952601447391 0.8711825093545329
0.48589904319502714 0.0788608009284571 0.8704499376179422
0.41528802598031445 0.47145003579624334 0.7779914647507996
0.5210250031647061 0.5931874702952079 0.6137276033893128
0.6866705580294368 0.5391700003085803 0.4876261431699363
0.7125785098004743 0.2606606637904561 0.6513738448255764
0.7392963659674525 0.25151539257621625 0.6246446114108007
-0.22306209008519287 -0.15584365098457972 0.9622661068616216
0.08885281536027974 0.03639422874820739 0.9953796448171799
0.23325776193241862 -0.22250857850329828 0.9466154176806549
0.1854345136787439 -0.01884181041553756 0.9824759678063341
0.5197092405503914 -0.6843062886013834 -0.5114950719871459
0.7194071507736084 -0.5565107816201801 -0.41563096775420255
0.7865993136972557 -0.3654041687959672 -0.4977361882740039
0.4993625672839486 0.23853297487525757 -0.8329099869089958
0.9706499782012697 -0.1955499279439856 -0.13999587672133967
0.8388957038348209 -0.33429012990260537 -0.42953941278674235
0.7935886172093242 -0.35588432755290794 -0.49352148082733693
0.6224656224410974 -0.2195926662631994 -0.7512094313854403
0.7130064678072838 -0.350306646982188 -0.607377172723076
0.39961138395371454 -0.45204803868260784 -0.7974730795066403
0.48243999009028915 -0.5149892443702818 -0.7085462117213018
0.5893808978221052 0.2583277232152878 -0.765439053550846
0.6832004149471353 0.46082696852599436 -0.5664589112152835
0.622329689862549 -0.2086275112443242 -0.7544404010043358
0.6863630610750152 -0.08015822050172051 -0.7228280625969999
0.40934100404773843 -0.04244043683477283 -0.9113938510470998
0.42096772007341704 -0.10071369362491767 -0.9014670989961949
0.4355474829451178 0.1235848521822854 -0.8916418420034218
0.46386736412674473 0.1521202449673229 -0.8727465265294315
0.8212326618574078 -0.2302121353618185 -0.5220912638904697
0.7532695594710762 -0.032525082824389547 -0.6569072154890045
0.7681630751207419 0.010889416395271639 -0.6401616285217476
0.8834800138058729 0.030111521851056033 -0.4675001192057471
0.8948871575657631 -0.07176578257115057 -0.4404845600878873
0.7474191814353262 0.11293498316964827 -0.6546833255849872
0.7310598107778535 0.14942713907446398 -0.665750015526451
0.8076387625322331 0.3215165752482959 -0.4943143949916996
0.863703482368641 0.2797428907121526 -0.41923765293719906
0.8867979002482703 0.20570913810469682 -0.4138517060681052
4 5 123 124 24 25 148 147 94
63 121 120 64 65
0 10 9 6 7 34 54 57
145 147 148 149 150 151 152 146
186 190 189 188 187
45 47 46 150 151
191 192 193 194 195
122 126 125 123 124
23 24 25 38 37
23 63 121 118 122 124 24
8 12 11 18 17
9 10 167 177 176 140 31
3 26 70 69 115 116 126 125
94 147 145 99 100 98 97 96 95
32 102 103 62 80 81 33
174 176 177 175
0 57 58 33 32 2 1
21 109 108 77 28
171 190 186 173 172
7 13 47 46 35 34
21 41 44 29 28
0 10 167 168 85 39 1
39 42 43 86 85
48 96 95 75 76
72 73 128 133 131 139 138
50 179 193 194 52 51
25 148 149 36 38
14 15 48 96 97
4 94 95 75 74 68 67
23 63 65 37
49 170 185 184 92 93
27 52 194 195 144 141
87 89 90 88
19 114 113 55 84 83
101 146 152
1 39 42 40 106 105 2
53 99 145 146 101
22 112 117 115 69 71
20 60 111 107 61
91 100 98 93 92
68 129 132 130 74
55 56 64 120 119 113
180 183 182 184 185 181
130 159 158 131 133 132
112 117 119 113 114
6 7 13 12 8
40 41 44 90 88 142 143 43 42
116 118 122 126
167 177 175 169 168
78 79 157 156 161 162 134
178 192 193 179
170 185 181 187 188 191 192 178
102 103 104 106 105
35 36 149 150 46
61 107 110 104 103 62
16 91 92 184 182 30
153 154 157 156 155 166 165
140 183 180 174 176
16 91 100 99 53 18 17
43 143 171 172 86
107 110 109 108 154 153 111
134 162 160 137 136 135
34 54 56 64 65 37 38 36 35
77 79 157 154 108
28 29 78 79 77
69 71 72 73 70
15 50 51 136 137 76 48
169 175 174 180 181 187 186 173
85 86 172 173 169 168
29 78 134 135 89 90 44
54 56 55 84 82 58 57
141 144 189 190 171 143 142
2 105 102 32
14 49 93 98 97
131 158 161 156 155 139
74 130 159 160 137 76 75
27 87 88 142 141
33 81 82 58
3 125 123 5
80 81 82 84 83
144 189 188 191 195
30 182 183 140 31
163 165 166 164
21 41 40 106 104 110 109
127 129 132 133 128
138 139 155 166 164
115 117 119 120 121 118 116
19 114 112 22 59 60 20
6 8 17 16 30 31 9
11 12 13 47 45
27 52 51 136 135 89 87
158 159 160 162 161
3 26 66 67 4 5
59 60 111 153 165 163
14 15 50 179 178 170 49
66 127 129 68 67
11 45 151 152 101 53 18
22 71 72 138 164 163 59
26 70 73 128 127 66
19 83 80 62 61 20
-0.767690644545254 0.6268203323329792 0.1332191624792244
-0.8782070473420962 -0.23515864735672173 0.4164766410881098
-0.3965603171508927 -0.8993892710888249 -0.18395340146758785
-0.5525585812644904 0.26171366223460857 -0.7913185030509035
0.8423873935879538 -0.0816018417265062 -0.5326580690752145
-0.8139329653139553 -0.2506384144343714 -0.5241121189068765
0.8084450538861223 0.1865287290051325 -0.5582325931928327
-0.7322170302387714 0.33933321074195677 0.5905177327700405
-0.9943348545835144 -0.08159707014991811 -0.0681183903460034
-0.8137240510428629 0.04876004103844089 0.5792025786823828
-0.5995493987653593 -0.4205570983728062 -0.6809348320128308
0.3567881411081453 -0.6373663747242648 -0.6829834015080031
-0.5397180777999735 0.1948336558005237 0.8189897698160246
-0.13709069622539038 0.7992907549597399 -0.5850986498397743
-0.21695385909611087 -0.8430037765583784 0.49221505028962337
0.5905429639067301 -0.3746572688516921 -0.7147663525074788
0.03948554390966974 -0.9619764299663484 0.27026327906572295
0.6426706079130362 -0.2880736002643766 0.7099211861575964
0.8974870625182527 -0.17249652981409141 -0.4059087579918105
-0.6506206591810386 -0.6708976129405261 -0.35579369134026945
0.8554493200229416 -0.20207558035325995 0.4768353182149787
0.6252664081190031 -0.7213345158368747 -0.29785640020040166
0.7959101758841962 -0.5815134601413868 -0.1684312548144779
0.29013761664502846 0.9411552604944627 -0.1733405291648275
0.09448459120222141 0.327860162904721 0.9399895614342954
0.7983156689802118 0.4430189621209133 -0.40795378642927893
-0.9893028684709764 -0.09073496993680458 -0.11422346372643949
0.22931130477717154 0.7995049430539468 -0.5551649948742233
-0.03470306021396974 0.9944745984251468 0.09907558073979923
-0.9206565161994074 -0.23721139447183104 0.3100360197014207
0.26795412832574694 0.30212403507144114 -0.9148342213457801
0.9332765951049349 0.2471199971740779 -0.26062713601239457
0.9637002410820763 0.2224803239508788 0.14759522618655405
-0.42251524262655904 -0.5385168230258979 0.729027092134657
-0.5257104965901669 0.24553917845101314 -0.8144562515080362
0.7646612944036519 -0.6339313341263192 0.11586271382009204
-0.4422788570562517 0.2758345937113761 -0.8534076924384357
-0.4264935026152139 0.04319737589542838 0.903458509807039
0.023849316918922447 -0.39188410761635295 0.9197054182075016
-0.037282489945204 0.3728335867368445 -0.9271489268420827
0.17640117816168055 0.757446884835415 0.6286150181122757
-0.6886770342059327 -0.31888045282179844 0.6511829231218256
0.5733024524632766 -0.06590726543267789 -0.8166887597872148
0.382771735889621 0.6806878866496792 0.6246197236498698
-0.599641018770062 -0.25306064612179824 0.7592041609427731
-0.5748431072537796 -0.6160271257691255 -0.5385777403118788
0.9506067195465695 -0.2443533164097301 0.19141139337164884
-0.6990218467507348 0.14771437658517017 0.6996777263249465
0.6256222211935978 -0.4899011504251901 -0.6071191803598897
0.6369916040212784 0.0813367947260617 0.7665676892682664
0.7355021590056718 0.27826932113695135 -0.6177400416129551
0.6614329994884074 0.06327734261216278 -0.747330158029041
0.1854624000742573 -0.8021800043429568 0.5675481819114832
-0.9119630934966714 -0.1866830898191177 -0.3653392123432258
0.1838466787617301 -0.7403427320261621 0.6466011427799363
0.23501339408607724 0.00596466000635254 -0.9719738306308204
0.36884451701500565 -0.049964169069313 0.9281472426706768
0.4876525727145393 -0.2519073001409601 -0.8359053059172332
-0.24882114936008248 0.26201772657967914 -0.9324348484420475
0.8676546872566937 -0.41268992394859455 -0.2772406361859537
0.2770993327155269 -0.42600959045217146 0.8612385201855424
0.7897706853696145 0.4155974945248623 0.4511551696206822
-0.8298962509876255 -0.5355516325045276 0.15638625744744775
0.5562742145280752 -0.08471552020776019 0.8266693891073393
0.7353432012610677 -0.03176783239726455 0.6769499103950781
-0.23746520676765037 0.3446641097274886 0.9081943222904197
0.6533718567126023 0.6267966991884875 -0.4245363526747072
0.7409426077017562 -0.19207768829475352 -0.6435139576974728
0.8543450643941353 -0.4329775062512201 -0.2874456296864774
0.8717162130973313 0.10785713185858159 0.47799339214103015
-0.4080012562984483 -0.8333308935377013 0.37295388017091896
0.9348917868022688 -0.023901816246233665 -0.3541271666362133
0.15928027694247437 -0.8649169569499635 0.4759710610505051
0.14714417020048787 0.4773085175272027 -0.8663285590767477
0.5445763870076883 0.24546464512786959 0.8019873232825451
0.5777941502044912 0.662666838376549 0.47647306461698186
0.9743177193634338 0.18979143502940535 -0.12117835171315074
-0.22596308194396264 -0.8426979008922891 0.48867262398267797
-0.6090068378877025 0.551421178692248 0.57012749021221
-0.24236782941898283 -0.8215979986900871 0.5159792280811065
0.8281379655453198 0.12578314793863865 -0.5462289901837005
0.2590017817474515 -0.15198102593141583 -0.9538447697652275
0.03389756925329124 -0.1394425211500665 0.9896498057868912
0.6741410920593378 -0.46101593143239783 0.5770598746772835
-0.009260507157465181 0.661577390348178 0.7498197113888653
0.2087103876409384 0.17253253881840636 0.9626383002663276
-0.7270262206718701 -0.07831105865900279 0.6821292051710464
-0.3589457717125497 -0.3857731225304414 0.8499041304187168
-0.05452772348867363 -0.5070259522942709 -0.8602042844994614
-0.7571480685997221 -0.3210978052704905 -0.5688787231617867
0.9576799406487422 0.23373903746047914 0.16797378856854522
0.6262791255959677 0.4678374537749558 0.6236205366151087
-0.4426009120356882 0.6351624027391282 0.632987483929844
0.016317817612299113 -0.2544461784520671 0.9669492598370975
0.5445164463930003 0.45323364972711433 -0.7057486084737101
-0.21252411815014716 0.7263885810794861 0.6536001288875585
-0.6950729546906191 -0.22650649960175273 -0.6823257237535557
-0.09307173101955901 0.06591211792940077 0.9934753371851178
-0.2380276642093737 0.41796040445856875 0.8767279688568509
-0.22904619825520567 -0.6865742383080599 0.6900388788731722
