79 10
11.971938605950108 -6.474371540038189
0.7353933857693415 -0.8727754168896896
2.105206778881845 -0.7492884096489731
-0.8958681337423419 2.262982503362927
-0.4700938415555441 -0.26687115152223195
-6.777792258082042 -6.246558841567844
0.32708479308487787 -0.6137493381145828
3.2017198825148103 3.4860770216737267
1.5975907718843811 1.822997082636447
1.3609344379660906 -0.28537864615012853
1.5344209753340592 -0.33009726579836174
-0.7353933857693415 0.8727754168896896
-0.773731117153307 1.9630053636040499
-0.21453311339872022 1.2070421659168324
-0.4935646462048877 0.7580245179715672
-0.8228738323263259 0.5317811374846271
-0.6948733839146364 0.79831184949152
0.5171210808432607 0.42797726721341306
0.3345784481485247 0.6154742863897487
0.5038417207868331 0.0
-0.24046767111183814 -0.18555381647734226
0.2760906608044854 -0.5390707673971636
-1.6653345369377348e-16 5.551115123125783e-17
0.4241430744543133 0.0
1.2646066142306585 0.8727754168896897
1.3051266160853636 0.7983118494915199
1.1771261676736742 0.5317811374846271
1.5064353537951125 0.7580245179715672
0.4757362036051418 2.187854740345806
0.5018627747340749 2.0637789712774857
0.2760906608044855 1.4609292326028362
0.6948733839146363 1.20168815050848
0.5171210808432607 1.572022732786587
0.8228738323263259 1.468218862515373
0.7871141672784207 1.4955742706561233
1.0 -5.551115123125783e-17
0.7871141672784207 0.5044257293438767
0.8228738323263259 0.5317811374846271
1.0 0.4506669868892096
0.5338812363062048 -5.551115123125783e-17
0.6948733839146364 0.7983118494915199
0.4935646462048877 0.7580245179715672
-0.47573620360514185 -0.18785474034580507
-0.2760906608044854 0.5390707673971636
-0.32708479308487787 0.6137493381145828
-0.3345784481485247 0.6154742863897487
0.2760906608044854 0.5390707673971636
0.3270847930848778 0.6137493381145828
0.0 0.3501226417847965
0.0 0.8730650613361328
0.7871141672784207 -0.5044257293438767
0.8228738323263259 -0.5317811374846271
0.6948733839146364 -0.79831184949152
0.4935646462048877 -0.7580245179715672
0.5171210808432607 -0.42797726721341306
0.33457844814852467 -0.6154742863897487
1.2627568341583846 1.1747657549933908
1.2568787171244065 1.0925376340637294
0.7353933857693414 1.1272245831103105
1.5242637963948582 -0.18785474034580474
1.7239093391955145 0.5390707673971636
1.672915206915122 0.6137493381145828
1.6654215518514754 0.6154742863897487
0.32708479308487787 1.3862506618854173
0.33457844814852467 1.3845257136102513
0.4935646462048878 1.2419754820284328
0.0 1.0
-0.043283582480169336 1.0926193308099976
0.343194632997444 1.0
-0.7871141672784207 0.5044257293438767
-0.5018627747340747 -0.06377897127748644
-0.5171210808432607 0.42797726721341306
1.0 1.0
0.7353933857693415 0.8727754168896896
0.7398672143478167 1.0000000000000002
1.0 0.8489214532390662
1.2128858327215795 0.5044257293438767
1.4981372252659253 -0.06377897127748644
1.4828789191567393 0.4279772672134131
37 38 35 39 36
36 17 19 39
41 18 17 36 37 40
49 47 46 48
47 18 17 19 23 46
46 48 22 23
66 49 47 18 41 68
73 74 72 75
73 40 41 68 74
73 75 38 37 40
